# Plot
 # Row
 N of pixels
 402.0065
406.4515
410.8975
415.3425
419.788
424.2335
428.6785
433.124
437.5695
442.015
446.4605
450.9055
455.351
459.7965
464.2415
468.6875
473.1325
477.578
482.0235
486.4685
490.914
495.3595
499.805
504.2505
508.6955
513.141
517.5865
522.0315
526.4775
530.9225
535.368
539.8135
544.2585
548.704
553.1495
557.595
562.0405
566.4855
570.931
575.3765
579.8215
584.2675
588.7125
593.158
597.6035
602.0485
606.494
610.9395
615.385
619.8305
624.2755
628.721
633.1665
637.6115
642.0575
646.5025
650.948
655.3935
659.8385
664.284
668.7295
673.175
677.6205
682.0655
686.511
690.9565
695.402
699.8475
704.2925
708.738
713.1835
717.6285
722.0745
726.5195
730.965
735.4105
739.8555
744.301
748.7465
753.192
757.6375
762.0825
766.528
770.9735
775.4185
779.8645
784.3095
788.755
793.2005
797.6455
802.091
806.5365
810.982
815.4275
819.8725
824.318
828.7635
833.2085
837.6545
842.0995
846.545
850.9905
855.4355
859.881
864.3265
868.772
873.2175
877.6625
882.108
886.5535
890.9985
895.4445
899.8895
904.335
908.7805
913.2255
917.671
922.1165
926.562
931.0075
935.4525
939.898
944.3435
948.7885
953.2345
957.6795
962.125
966.5705
971.0155
975.461
979.9065
984.352
988.7975
993.2425
997.688
1001.02
NDVI705
 mNDVI705
 mSR705
 GNDVI
 RNDVI
 NDCI
 Datt1
 Datt2
 Datt3
 Carte1
 Carte2
 Carte3
 Carte4
 Carte5
 SR800680
 SR675700
 SR700670
 SR750700
 SR752690
 SR750550
 SR750710
 NVI
 EVI
 OSAVI
 OSAVI2
 TCARI
 TCARI2
 MCARI
 TVI
 SPVI
 REP
 PRI
 RI1db
 VOG1
 VOG2
 VOG3
 RDVI
 MSAVI
 MCARI2
 MCARI2_OSAVI2
 PSRI
 HBSI1
 HBSI2
 HBSI3
 DCNI
 HBCI8
 HBCI9
 HREI15
 HREI16
 NDRE